-185.2
-186.2
-199.1
-12.0
-52.64
-336.9
-607.0
-210.0
-126.0
-271.0
-80.54
-94.68
-361.7
-216.4
-272.8
-376.9
-429.8
-197.1
-312.6
-252.0
-283.8
-234.9
-342.8
-193.0
-531.8
-190.2
-115.0
-72.25
-367.3
-140.2
-215.8
-184.2
-445.43
-350.0
-148.2
-262.57
-174.0
-489.7
-376.9
-502.5
-637.9
-572.6
-285.0
-258.1
-329.3
-300.8
-316.4
-413.1
-425.0
-122.6
-112.81
-115.3
-348.7
-342.0
-178.28
-428.9
-179.2
-290.67
-291.2
-284.1
-214.9
-472.0
-486.2
-306.5
-317.8
-357.0
-344.1
-410.3
-453.6
54.0
-161.0
-320.5
-311.3
-539.0
-506.7
-469.1
-492.6
-133.6
-128.3
-94.6
-299.3
-298.4
-101.6
-157.5
-157.3
-161.6
-163.0
-161.7
-156.6
-144.3
-145.2
-251.0
-441.0
-340.8
-46.5
23.0
-327.9
-330.4
-446.1
-451.9
-263.7
-357.7
17.0
-9.0
-205.0
-131.0
43.51
-110.53
-393.51
-136.11
38.99