-267
-390
41.6
-87.24
-212
-170.7
-128
-52.64
-336.9
-433
-607
-234
-184.1
-210
-126
-394.4
16
-271
-330.7
-286.2
-176
-188.7
-218.5
-80.54
-123.6
-94.68
-174
-169
-410
-455.8
-301.7
-361.7
-465.76
-216.4
-272.8
-256
-348.2
-250
-376.9
-429.8
-197.1
-312.6
-238.02
-277
-252
-252.7
-283.8
-293.1
-234.9
-342.8
-193
-426
-531.8
-27.7
-190.2
-106.4
-115
-109.7
-91.6
-72.25
-77
-313.6
-364
-367.3
-326.8
-333
-709.27
-238.6
-211.8
-140.2
-215.8
-145
-184.2
-445.43
-338.4
-315.3
-475.9
-350
-162
-223.8
-243
-259.1
-253.4
-148.2
-262.57
-174
-489.7
-466.5
-376.9
-456.8
-502.5
-637.9
-572.6
-285
-258.1
-329.3
-312.7
-300.8
-316.4
-317.2
-298
-413.1
-425
-197.4
-122.6
-131.2
-136
-97.1
-112.81
-115.3
-348.7
-342
-331.4
-384.4
-231.1
-125.5
-178.28
-396
-428.9
-290
-279.8
-179.2
-290.67
-291.2
-278.25
-284.1
-214.9
-516.5
-494.38
-472
-566
-486.2
-485
-318
-306.5
-317.8
-293
-357
-333.5
-332.8
-316
-344.1
-410.3
-453.6
-161
-375.3
-298.3
-320.5
-311.3
-264
-494
-539
-354.8
-340
-506.7
-272.2
-251
-507.2
-291.9
-345.1
-517
-441
-334
-361.1
-356
-340.8
-340.8
-357.7
-501
-861.7
-115.9
-378.6
-205
-131
-110.53
-393.51
-241.826
-136.11
249.18
142.67
